# beta=3480, R25=10k
0 29104.5601541912 0.0
5 23146.4829707104 0.0
10 18558.2306618519 0.0
15 14994.0147824139 0.0
20 12202.7785255027 0.0
25 10000 0.0
30 8248.8476465908 0.0
35 6846.990846522 0.0
40 5717.2796070729 0.0
45 4801.0977088719 0.0
50 4053.5807574509 0.0
55 3440.1469660432 0.0
60 2933.960040433 0.0
65 2514.0594251131 0.0
70 2163.9721858147 0.0
75 1870.6751576661 0.0
80 1623.8136970867 0.0
85 1415.1097509401 0.0
90 1237.9105500619 0.0
95 1086.8424413326 0.0
100 957.5438218369 0.0
105 846.4579469578 0.0
110 750.6713228374 0.0
115 667.7869993307 0.0
120 595.8247286777 0.0
125 533.1419132239 0.0
130 478.3707213529 0.0
135 430.3678393233 0.0
140 388.1741450485 0.0
145 350.9822083453 0.0
150 318.1099920019 0.0
155 288.9794866871 0.0
160 263.099287846 0.0
165 240.0503347498 0.0
170 219.4741959954 0.0
175 201.0634133581 0.0
180 184.5535155358 0.0
185 169.7163914369 0.0
190 156.3547741499 0.0
195 144.2976353145 0.0
200 133.3963281527 0.0
205 123.5213480903 0.0
210 114.5596044091 0.0
215 106.4121160135 0.0
220 98.9920601976 0.0
225 92.2231160524 0.0
230 86.0380544732 0.0
235 80.3775351129 0.0
240 75.1890774546 0.0
245 70.4261787533 0.0
250 66.0475561691 0.0
255 62.0164941677 0.0
260 58.3002813546 0.0
265 54.8697234682 0.0
270 51.6987213701 0.0
275 48.7639046259 0.0
280 46.0443127358 0.0
285 43.5211172895 0.0
290 41.1773793426 0.0
295 38.9978371655 0.0
300 36.9687202334 0.0


